c1908EncNetlist Original Output
00111000111111001110000011001001100010101101110010000110101110000111110111010011011101100011101
0110000010000000000000000
00111000111111001110000011001001100010101101110010000110101110000111110111010001011101100011101
0100110100000010000000000
00111000111111001110000011001001100010101101110010010110101110000111110111010001011101100011101
0100110100000011000000000
00111000111111001110000011001001100010101100110010010110101110000111110111010001011101100011101
0100110100000011000001000
00111000011111001110000011001001100010101100110010010110101110000111110111010001011101100011101
1100111100000011000001000
00111000011111001110010011001001100010101100110010010110101110000111110111010001011101100011101
1000110100000011000001000
01111000011111001110010011001001100010101100110010010110101110000111110111010001011101100011101
1000010100000011000001000
01111000011111001110010011001001100010101100110010010110101110000111010111010001011101100011101
0100011000000011000001000
01111000011111001110010011001001100010101100110010010110101010000111010111010001011101100011101
0110010100000011000001000
01111000011111001110010011001001100010101100110010011110101010000111010111010001011101100011101
0110010100000011000011000
01111000011111001110010011001001100010101100110010011110101011000111010111010001011101100011101
0011001100000011000011000
01111000011111001110010011001001100010101100110010011110101011000111010111010001011111100011101
1001011000000011010011000
01111000011111001110010011001001100010101100110010011110101011000111010011010001011111100011101
0011010100000011010011000
01101000011111001110010011001001100010101100110010011110101011000111010011010001011111100011101
1011010100000011010011000
01101000010111001110010011001001100010101100110010011110101011000111010011010001011111100011101
1010000100000011010011000
01101000010111001110010011101001100010101100110010011110101011000111010011010001011111100011101
1000000000000011010011000
01101000010111101110010011101001100010101100110010011110101011000111010011010001011111100011101
0000000100000011010011000
01101000010111101110010011101001100000101100110010011110101011000111010011010001011111100011101
0100000100000011010011000
01101000010111101110010011101001100001101100110010011110101011000111010011010001011111100011101
0110000100000011010011000
01101000010111101110010011101001100001101100110011011110101011000111010011010001011111100011101
0110000100000011010011001
01101000010111101110010011101001100001101100110011011110101011010111010011010001011111100011101
1011001100000011010011001
01101000010111101110010011101001100001101100110011011110101011010111010011010001011111100010101
0000000010000011010011001
01101000010111101110010010101001100001101100110011011110101011010111010011010001011111100010101
0000000010000011010011001
01101000010111101110010010101001100001101100110011011110101011010111010011010001001111100010101
0000000010000111010011001
01101010010111101110010010101001100001101100110011011110101011010111010011010001001111100010101
0000000010000111010011001
01101010010111101110010010101001100001101110110011011110101011010111010011010001001111100010101
0000000010000111010011011
01101010010111101010010010101001100001101110110011011110101011010111010011010001001111100010101
0110000010000111010011011
01101010010111101010010010101001100001101110110011011110101011010011010011010001001111100010101
0110000010000111010011011
01101010010111101010010010101001100001101110110011011110101011010011011011010001001111100010101
0110000010000111010011011
01101010010111101010010010101001100001101110110011011100101011010011011011010001001111100010101
0110000010000111010011011
01101010010111101010010010101001100101101110110011011100101011010011011011010001001111100010101
0110000010000111010011011
01101010010011101010010010101001100101101110110011011100101011010011011011010001001111100010101
0110000010000111010011011
01101010010011101010010010101001100101001110110011011100101011010011011011010001001111100010101
0110000010000111110011011
01101010010011101010010010101001100101001110110011111100101011010011011011010001001111100010101
0110000010000111110011111
01101010010011101010010010101001100101001110110011111100101001010011011011010001001111100010101
0110000010000111110011111
01101010010011101010010010101001100101001110110011111100101001010011011011000001001111100010101
0110000010000111010011111
01101010010011101010010010101001100101001110110111111100101001010011011011000001001111100010101
0110000011000111010011111
01101010010011101010010010101001100101001110110111111100101001010011011011000001101111100010101
0110000010000111010011111
01101010010011101010010010101001100101001110110111111100101001010011011011100001101111100010101
0110000010000111010011111
11101010010011101010010010101001100101001110110111111100101001010011011011100001101111100010101
0110000010000111010011111
11101010010011101010010010101000100101001110110111111100101001010011011011100001101111100010101
0110000010000111010011111
11101010010011111010010010101000100101001110110111111100101001010011011011100001101111100010101
0110000010000111010011111
11101010010011111010010010101000100101000110110111111100101001010011011011100001101111100010101
0110000010100111010011111
11101010010011111010010010111000100101000110110111111100101001010011011011100001101111100010101
0110000010100111010011111
11101010010011111010010010111000100101000110110111111100101001010011011011100001100111100010101
0110000010000111010011111
11101010010011111010010010111000110101000110110111111100101001010011011011100001100111100010101
0110000010000111010011111
11101011010011111010010010111000110101000110110111111100101001010011011011100001100111100010101
0110000010000111010011111
11101011010011111010010010111000110101000110110111111100101001010011011011100001100111110010101
0110000010000111010011101
11001011010011111010010010111000110101000110110111111100101001010011011011100001100111110010101
0110000010000111010011101
11001011010011111010010010111000110101000110110101111100101001010011011011100001100111110010101
0110000010000111011011101
11001011010011111010010010111000110101000110110101111100101001010011011011100001100111010010101
0110000010000111011011001
11001011010011111000010010111000110101000110110101111100101001010011011011100001100111010010101
0110000010000111011011001
11001011010011111000010010111000110101000110110101111100101001010011011011100001100111010010100
0110000010000111011001001
11001111010011111000010010111000110101000110110101111100101001010011011011100001100111010010100
0110000010000111011001001
11001111010011111000010010111010110101000110110101111100101001010011011011100001100111010010100
0110000010000111011001001
11001111010011111000010010111010110101000110110101111100101001010011011011100001100111010010110
0110000010000111010001001
11001111010011111000010010111010110101000110110101111100101001010001011011100001100111010010110
0110000010000111010001001
11001111010011111000010010111010110101000110100101111100101001010001011011100001100111010010110
0110000010000101010001001
11001111010011111000010010111010110101000110100101111100101001011001011011100001100111010010110
0110000010000101010001001
11001111010011111000010010111010110101010110100101111100101001011001011011100001100111010010110
0110000010010101010001001
11001111010011111000010010111110110101010110100101111100101001011001011011100001100111010010110
0110000010010101010001001
11001111010011111000010010111110110101010110100101111100101001011001011011100001100111010010010
0110000010010101010101001
11001111010010111000010010111110110101010110100101111100101001011001011011100001100111010010010
0110000010010101010101001
11001111010010111000010010111110110101010110100101111100101001011001011001100001100111010010010
0110000010010101010101001
11000111010010111000010010111110110101010110100101111100101001011001011001100001100111010010010
0110000010010101010101001
11000111010010111000010010111110110101010110100101111100101001011000011001100001100111010010010
0110000010010101010101001
11000111010010111000010010111110110101010110100101111100101001011000011001100001100110010010010
0110000010010101010101001
11000111010000111000010010111110110101010110100101111100101001011000011001100001100110010010010
0110000010010101010101001
11000111010000111000010010111110110101010110100101111100101001011000011000100001100110010010010
0110000010010101010101001
11000111010000111000010010111110110101010110100101111100101001011000001000100001100110010010010
0110000010010101010101001
11000111010000111000010010111110010101010110100101111100101001011000001000100001100110010010010
0110000010010101010101001
11000111010000111000010010111110010101010110100101111100101001011000001000100001100110010000010
0110000010010101010100001
11000111010000111000010010111110010101010110100101111100101001011000001000100000100110010000010
0110000010010100010100001
11000111010000111000010110111110010101010110100101111100101001011000001000100000100110010000010
0110000010010100010100001
11000111010000111000010110111110010101010110000101111100101001011000001000100000100110010000010
0110000010010100000100001
11000111010000111000010100111110010101010110000101111100101001011000001000100000100110010000010
0110000010010100000100001
11000111010000111000110100111110010101010110000101111100101001011000001000100000100110010000010
0110000010010100000100001
11000111010000111000110100111110010101010010000101111100101001011000001000100000100110010000010
0110000010010100000000001
11000111010000111000110100111110010101010010000101111101101001011000001000100000100110010000010
0110000010010100000000001
11000111010000111000110100111110010101010010001101111101101001011000001000100000100110010000010
0110000010010000000000001
11000111010000111000110100111110010101010010001101111101100001011000001000100000100110010000010
0110000010010000000000001
11000111010000111000110100111110010101010010001101111101100001011000001000100100100110010000010
0110000010010000000000001
11000111010000111000110100111110010101010010001101111001100001011000001000100100100110010000010
0110000010011000000000001
11000111010000111000110100111110010101010010001101111001000001011000001000100100100110010000010
0110000010011000000000001
11000111010000111000110100111110010101010010001101111001000001111000001000100100100110010000010
0110000010011000000000001
11000111010000111000110100111110010101010010001101111001000001111000001000100100100110011000010
0110000010011000000000000
11000111010000110000110100111110010101010010001101111001000001111000001000100100100110011000010
0110000010011000000000000
11000111010000110000110100111110010101010010001101111001000001111000001000101100100110011000010
0110000010011000000000000
11000111010000110001110100111110010101010010001101111001000001111000001000101100100110011000010
0110000010011000000000000
11000111010000110001110100110110010101010010001101111001000001111000001000101100100110011000010
0110000010011000000000000
11000111010000110001111100110110010101010010001101111001000001111000001000101100100110011000010
0110000010011000000000000
11000111010000110001111100110110010101010010001101111001000001111000001000101100100110011100010
0110000010010000000000000
11000111010000110001111100110110011101010010001101111001000001111000001000101100100110011100010
0110000010010000000000000
11000111000000110001111100110110011101010010001101111001000001111000001000101100100110011100010
0110000010010000000000000
11000111000000110001111100110110011101010010001101111001000001111000001000101100100010011100010
0110000010000000000000000
11000111000000110001111100110110011101010010001101111001010001111000001000101100100010011100010
0110000010000000000000000
c1908EncNetlist Original Output
