c3540EncNetlist Original Output
00000001001011010000101110011011001010110001110110111000100000001010100001101101111110111101100101010100011110111111110010101
1110000000000000011111
00000001001011010000101110011011001010110001110110111000100000001010100101101101111110111101100101010100011110111111110010101
1110000000000000011111
00000001001011110000101110011011001010110001110110111000100000001010100101101101111110111101100101010100011110111111110010101
0011000000010000011111
00000001001011110000101110011011001010110001110110111000100000001010100101101101111110111101100101010100111110111111110010101
0011000000110001011111
00000001001011110000101110011011001010110001110111111000100000001010100101101101111110111101100101010100111110111111110010101
1111001000110001011111
00000001001011110000101110011011001010110001110111111000100000001010100101101101111110111001100101010100111110111111110010101
0011100111101001011111
00000001001011110000101111011011001010110001110111111000100000001010100101101101111110111001100101010100111110111111110010101
1111100111101001011111
00000001001011110000101111011011001010110001110111111000100000001010100101101101111110111001100101010100111110011111110010101
0011100010111111011111
00000001001011110000101111011011001010110001110111111000100000001010100101101101111110111001100100010100111110011111110010101
1111100000111111011111
00000001001011110000101111011011001010110001110111111000100000001010100101101101111110111001100100000100111110011111110010101
1111011000001111001110
00000001001011110000101111011011001010110001110111111000100000001010100101101101111110111001100100000100111110011111111010101
1111011111011001001110
00000001001011110000101111011011001010110001110111111000100000001010100101101101111110011001100100000100111110011111111010101
0011010111011001001110
00000001001011110000101111011011001010110001110111111000100000001010100101101101111110011001100100000100111111011111111010101
0011111111011001001110
00000001001011110000101111011011001010110001110111111010100000001010100101101101111110011001100100000100111111011111111010101
1111101111011001001110
00000001001011110000101111011011001010110001110111111010100000001010100101101101111110010001100100000100111111011111111010101
0011101010001101001110
00000001001011110000101111011011001010110001110111111010100000001010100101001101111110010001100100000100111111011111111010101
1111101110001101001110
00000011001011110000101111011011001010110001110111111010100000001010100101001101111110010001100100000100111111011111111010101
1111101110001101001110
00000011001011110000101111011011001010110001110111111010100000001010100101001101111110010001100100000100111111011111111000101
1111101000010101001110
00000011001011110000101111011011001010110001110111111010100000001010100101001001111110010001100100000100111111011111111000101
0011101000010101001110
00000011001011110000101111011011001010110001110111111010100000001010100101001001111110010001100100000100111011011111111000101
1111101000011101001110
00000010001011110000101111011011001010110001110111111010100000001010100101001001111110010001100100000100111011011111111000101
0011101001011101001110
00000010001011110000101111011011001010110001110111111010100000001010100101001001111110010001100100000100111011011110111000101
0011101001011101001110
00000010001011110000101111011011001010110001100111111010100000001010100101001001111110010001100100000100111011011110111000101
0011101001011101001110
00000010001011100000101111011011001010110001100111111010100000001010100101001001111110010001100100000100111011011110111000101
0011101000001001000110
00000010001011100000101111011011001010110001100111111010100000001010100101001001111110010001100100000100111011011110111100101
0011101000001001000110
10000010001011100000101111011011001010110001100111111010100000001010100101001001111110010001100100000100111011011110111100101
1111101010001001000110
10000010001011100000101111011011001010110000100111111010100000001010100101001001111110010001100100000100111011011110111100101
0011101010000001000110
10000010001011100000101111011011001010110000101111111010100000001010100101001001111110010001100100000100111011011110111100101
0011101010000001001110
10000010001111100000101111011011001010110000101111111010100000001010100101001001111110010001100100000100111011011110111100101
0011100010100001001110
10000010001111100000101111011011001010110000101111111010100000001010100101001000111110010001100100000100111011011110111100101
1111100010100001001110
10000010001111100000101111011011001010110000101111111010100000001010100101001000111100010001100100000100111011011110111100101
1111100010000001001110
10000010001111100010101111011011001010110000101111111010100000001010100101001000111100010001100100000100111011011110111100101
1111100010000001001110
10000010001111100010101111011011001010110000101111111010100000001010100101001010111100010001100100000100111011011110111100101
1111100010000001001110
10000010001111100010101111011011001010110000101111111010100000001010110101001010111100010001100100000100111011011110111100101
0011100010010001001110
10000010001111100010101111011011001010100000101111111010100000001010110101001010111100010001100100000100111011011110111100101
1111100010010001001110
10000010001111100010101111011011001010100010101111111010100000001010110101001010111100010001100100000100111011011110111100101
0011100110010001001110
10000010001111100010101111011111001010100010101111111010100000001010110101001010111100010001100100000100111011011110111100101
1111100010010001001110
10000010001111100010101111011111001010100010101111111010100000001010110101001010111100010001100100000110111011011110111100101
1111100010010001011110
10000010001111100010101111011111001010100010101111111010100000001010110101001010111100010001100100000110111011001110111100101
1111100010010001001010
10000010001111100010101111011111001010100010101111111010100000011010110101001010111100010001100100000110111011001110111100101
0011100010010001001010
10000010001111100010101111011111001010100010101111111010100000011010110101001010110100010001100100000110111011001110111100101
1111100011010001001010
10000010001111100010101111011111001010100010101111111010100000011010110101001010110100010001100100000110111011001100111100101
0011100010010001011000
10000010001111100010101111011111001000100010101111111010100000011010110101001010110100010001100100000110111011001100111100101
0011100010010001011000
10000010001111100110101111011111001000100010101111111010100000011010110101001010110100010001100100000110111011001100111100101
0011100010010001011000
10000010000111100110101111011111001000100010101111111010100000011010110101001010110100010001100100000110111011001100111100101
1111100010010001011000
10000010000111100110101111011111001000100010101111111010100000011010110101011010110100010001100100000110111011001100111100101
1111100010010001011000
10100010000111100110101111011111001000100010101111111010100000011010110101011010110100010001100100000110111011001100111100101
0011100010010001011000
10100010000111100110101111011111001000100010101111111010100000011010110101010010110100010001100100000110111011001100111100101
0011100010010001011000
10100010000111100110101111011111001000100010101111111010100000011010110111010010110100010001100100000110111011001100111100101
1111100010010001011000
10100010000111100110101111011111001000100010101111111010000000011010110111010010110100010001100100000110111011001100111100101
0011100011010001011000
10100010000111100110101111011111001000100010101111111010000000011010110111010010110100010001100100000110111011001000111100101
0011100011010001011000
10100010000111100110101111011111001000100010101111111110000000011010110111010010110100010001100100000110111011001000111100101
0011100011010001011000
10100010000111100110101111011111001000100010101111111110000000011010110111010010110100010001100100000110110011001000111100101
0011100010010001001000
10100010000111100110101111011111001000100010101111111110000000011010110111010010110100000001100100000110110011001000111100101
0011100010010001001000
10100010000111100110101111011111001000100010101101111110000000011010110111010010110100000001100100000110110011001000111100101
1111100011010001001000
10100010010111100110101111011111001000100010101101111110000000011010110111010010110100000001100100000110110011001000111100101
1111100011010001001000
10100010010111100110101111011111001000100010101101111110000000011010110111010010110100000001100100000110110011001000111100111
1111100010011011001000
10100010010111100110101111011110001000100010101101111110000000011010110111010010110100000001100100000110110011001000111100111
1111100010011011001000
10100010010111100110101111011110001000100010101101111110000000011010110111010010110100000001100100000110110001001000111100111
1111100010011011011000
10100010010111100110101111011110001000100010101101111110000000011010110111010010010100000001100100000110110001001000111100111
1111100010011011011000
10100010010111100110101111011110001000100010101101111110000000011010110111010010010100000001100100000110110001001000111100011
0011100011011011011000
10100010010111100110101111011110001100100010101101111110000000011010110111010010010100000001100100000110110001001000111100011
0011100011011011011000
10100010010111100110101111011110001100100010101101111110000000011010110111010010010100000001101100000110110001001000111100011
0011100011011011001000
10100010010111100110101111011110001100100010101101111110000000011010110111010010010100000001101100000110100001001000111100011
0011100011011011011000
10100010010111100110101111011110001100100010101101111110000000011000110111010010010100000001101100000110100001001000111100011
1111100011001011011000
10100010010111100110101111011110001100100010101101111110000000011000110111010010010100000011101100000110100001001000111100011
0011100011000011011000
10100010010111100110101111011110001100100010101101111110000000011000110111010010010100000011111100000110100001001000111100011
1111100011000111011000
10100010010111100110101111001110001100100010101101111110000000011000110111010010010100000011111100000110100001001000111100011
1111100011000111011000
10100110010111100110101111001110001100100010101101111110000000011000110111010010010100000011111100000110100001001000111100011
1111100011000111011000
10100110010111100110100111001110001100100010101101111110000000011000110111010010010100000011111100000110100001001000111100011
0011100011000111011000
10100110010111100110100111001110001100100010101101111110000000011000110111010010010100000011111100000110100001001000011100011
0011100011000101011000
10100110010111100110100111001110001100100110101101111110000000011000110111010010010100000011111100000110100001001000011100011
0011100011000101011000
10100110010111100110100111001110001100100110101101111110000000011000110111010010010100000011111100000111100001001000011100011
0011100011000101011000
10100110010111100110100111001110011100100110101101111110000000011000110111010010010100000011111100000111100001001000011100011
1111100011001101011000
10100110010111100110100111001110011100100110101101111110000000011000010111010010010100000011111100000111100001001000011100011
0011100011000101011000
10100110010101100110100111001110011100100110101101111110000000011000010111010010010100000011111100000111100001001000011100011
1111100011100101011000
10100110010101100110100111001100011100100110101101111110000000011000010111010010010100000011111100000111100001001000011100011
0011100011100101011000
10100110010101100110100111001100011100000110101101111110000000011000010111010010010100000011111100000111100001001000011100011
1111100011100001011000
10100110010101100110100111001100011100000110101101111110000000011000010111010010010100000011111100001111100001001000011100011
1111100011100001011000
10100110010101100110100111001100011100000110101101111111000000011000010111010010010100000011111100001111100001001000011100011
1111100011100001011000
10100110010101100110100111001100011100000110101101111111000000011000010111010010010100000010111100001111100001001000011100011
1111100011100011011000
10100110010101100110100111001100010100000110101101111111000000011000010111010010010100000010111100001111100001001000011100011
0011100011100011011000
10100110010101100110100111001100010100000110101101111111000000011000010110010010010100000010111100001111100001001000011100011
0011100011100011011000
10100110010101100110100111001100010100000110101101111111000000011000010110010010010100000010111100001011100001001000011100011
0011100011100011011000
10100110010101100110100111001100010100000110101101111111000000011100010110010010010100000010111100001011100001001000011100011
0011100011100001011000
10100110010101100110100111001100010100000110101101111111000000011100011110010010010100000010111100001011100001001000011100011
0011100011100001011000
10100110010101100110100111001100010100000110101001111111000000011100011110010010010100000010111100001011100001001000011100011
0011100011100001011000
10100110010101100110100111001100010100000110101001111111000000011100011110010010010100000010011100001011100001001000011100011
0011100011100001011000
10100110010101100110100111001100010101000110101001111111000000011100011110010010010100000010011100001011100001001000011100011
0011100011100001010000
10100110010101100110100111001100010101000110101001011111000000011100011110010010010100000010011100001011100001001000011100011
0011100011100001011000
10100110010101100110100111001100010101000110101001011111000000011100011110010010000100000010011100001011100001001000011100011
0011100011100001011000
10100110010101100110110111001100010101000110101001011111000000011100011110010010000100000010011100001011100001001000011100011
0011100011100001011000
10100110010101100110110111001100010101000110101001011111000000011100011110010010000000000010011100001011100001001000011100011
0011100011100011011000
10100110010101100110110111001100010101000110101001011111000000011100011110010010000001000010011100001011100001001000011100011
0011100011100011011000
10100110010101100110110111101100010101000110101001011111000000011100011110010010000001000010011100001011100001001000011100011
1111100011100011011000
10100110010101100110110111101100010101000110101001011111000000010100011110010010000001000010011100001011100001001000011100011
0011100011100011011000
10100110010101100110110111101100010101000110101001011111000000010100011110010010000001000010011100001011100001001000001100011
0011100011100011011000
10100110010101100110110011101100010101000110101001011111000000010100011110010010000001000010011100001011100001001000001100011
1111100011100011011000
10100110110101100110110011101100010101000110101001011111000000010100011110010010000001000010011100001011100001001000001100011
1111100011100011011000
10100110110101100110110011101100010101000110101001011111000000110100011110010010000001000010011100001011100001001000001100011
0011000011100011011000
10100110110101100110110001101100010101000110101001011111000000110100011110010010000001000010011100001011100001001000001100011
1111000011100011011000
10100110110101100110110001101100110101000110101001011111000000110100011110010010000001000010011100001011100001001000001100011
1111000011100011011000
10100110110100100110110001101100110101000110101001011111000000110100011110010010000001000010011100001011100001001000001100011
1111000011100011011000
10100110110100100110110001101100110101000110101001011111000000110100011110010010000001000010011000001011100001001000001100011
0011000011100011011000
10100110110100100110110001101100110101000110101001011111001000110100011110010010000001000010011000001011100001001000001100011
0011000011100011011000
10100110110100100110110001101100110101001110101001011111001000110100011110010010000001000010011000001011100001001000001100011
0011000011100011011000
10100110110100100110110001101100110101001110101001011111001000110100011110010010000001000010011000101011100001001000001100011
0011000011100011011000
10100110110100100110110001101100110101001110101001010111001000110100011110010010000001000010011000101011100001001000001100011
0011000011100011010000
10100110110100100111110001101100110101001110101001010111001000110100011110010010000001000010011000101011100001001000001100011
0011000011100011010000
10100110110100100111110001101100110101001110101001010111011000110100011110010010000001000010011000101011100001001000001100011
0011000011100011010000
10100110110100101111110001101100110101001110101001010111011000110100011110010010000001000010011000101011100001001000001100011
0011000011100011010000
10100110110100101111110001101100110101001110101001010111011100110100011110010010000001000010011000101011100001001000001100011
0011000011100011010000
10110110110100101111110001101100110101001110101001010111011100110100011110010010000001000010011000101011100001001000001100011
0011000011100011010000
10110110110100101111110001100100110101001110101001010111011100110100011110010010000001000010011000101011100001001000001100011
0011000011000011110000
10110110110100101111110001100100110101001110101001010111011100110101011110010010000001000010011000101011100001001000001100011
0011000011000001110000
10110110110100101111110001100100110101001110101001010111011100110101011110010010000001000010011010101011100001001000001100011
0011000011000001111000
10110110110100101111010001100100110101001110101001010111011100110101011110010010000001000010011010101011100001001000001100011
0011000011000001111000
10110110110100101111010001100100110101001110101001010111011110110101011110010010000001000010011010101011100001001000001100011
1111000010000001111000
10110110110100101111010001100100110101001110101001000111011110110101011110010010000001000010011010101011100001001000001100011
1111000010000001111000
11110110110100101111010001100100110101001110101001000111011110110101011110010010000001000010011010101011100001001000001100011
1111000010000011111000
11110110110100101111010001100100110101001110001001000111011110110101011110010010000001000010011010101011100001001000001100011
1111000010000011111000
11110110110100101111010001100100110101001110001001000111011110110101011110010010000001000010011010101011100001001000001100010
1111000010000111111000
11111110110100101111010001100100110101001110001001000111011110110101011110010010000001000010011010101011100001001000001100010
1111000010000111111000
11111110110100101111010001100100110101001110001001000111011110110101011110010010000001000010011010101011100001001000001101010
1111000010000111111000
11111110110100101111010001100100110101001110001001000111011111110101011110010010000001000010011010101011100001001000001101010
0011000000000111111000
11111110110100101111010001100100110101001110001001000111011111110101011110010010000001000010011010101011100001000000001101010
0011000000000101111000
c3540EncNetlist Original Output
