c1908EncNetlist Original Output
11111101010111110011010001101100010110110001010001000111101110010000110011011110
0110000010000000000000000
11111101010111110011010001101100010110110001010001000111001110010000110011011110
1100001100000000000000000
11111101010111110011010001101100010110110001110001000111001110010000110011011110
1110000000000000000000000
11111101010111110011010001101100010110110001110001000011001110010000110011011110
0010001100000000000000000
11111101010111110011010001101100010110110001110001000011001110010100110011011110
0111010101000000000000000
11111101010111110011010001101100010110110001110001000011001111010100110011011110
1011101001000000000000000
11111101010111110011010001101100010110110001110001000011001111010100110010011110
0001100101000000000000001
11111101010111110011010001101100010110110001110001000011001111010110110010011110
0100110001000100000000001
11111111010111110011010001101100010110110001110001000011001111010110110010011110
0000111001000100000000001
10111111010111110011010001101100010110110001110001000011001111010110110010011110
0000111001000100000000001
10111111010111110011010001101100010110111001110001000011001111010110110010011110
1100110001000100000000001
10111111010111110001010001101100010110111001110001000011001111010110110010011110
1110110101000100000000001
10111111010011110001010001101100010110111001110001000011001111010110110010011110
1100110001000100000000001
10111111010011110001010001101100010110111001110001000010001111010110110010011110
0000101001000100000000001
10111111010011110001010001101100010110011001110001000010001111010110110010011110
0000101001001100000000001
10111111010011110001010001101100010110011001110001000010001111010110110000011110
0010110101001100000000011
10111111010011110001010001101100010110011001110001001010001111010110110000011110
1000100001001100000000011
10111111010011110001010001101100010010011001110001001010001111010110110000011110
1000100001001100000000111
10111111010011110001011001101100010010011001110001001010001111010110110000011110
1010100001001100000000111
10111111010011110001011001101100010010011001111001001010001111010110110000011110
1111111001001100000000111
10111111010011110101011001101100010010011001111001001010001111010110110000011110
1101111101001100000000111
10111111010011110100011001101100010010011001111001001010001111010110110000011110
1111111001001100000000111
10111110010011110100011001101100010010011001111001001010001111010110110000011110
1101111101001100000000111
10111110010011110100011011101100010010011001111001001010001111010110110000011110
1101111101011100000000111
10111110010011110100011011101100010010011001111001001010001111010110111000011110
0000010001011100000000111
10111110010011110100011011101100010010011001111001001000001111010110111000011110
0010111101011100000000111
10111110010011110100011011101100010010011001111001001000001111010110111000011010
1110000001011100000100111
10111010010011110100011011101100010010011001111001001000001111010110111000011010
1010001001011100000100111
10111010010011110100011011101100010010011001111001101000001111010110111000011010
1000111101011100000100111
10111010010011110100011011101100010010011001111001101000000111010110111000011010
0100110001011100000100111
10111010010011110100011011101101010010011001111001101000000111010110111000011010
0100110001011000000100111
10111010010011110100011011101111010010011001111001101000000111010110111000011010
0100110001011010000100111
10111010010011110100011011101111010010011001111001101000010111010110111000011010
0110101101011010000100111
10111010010011110100111011101111010010011001111001101000010111010110111000011010
0100101001011010000100111
10101010010011110100111011101111010010011001111001101000010111010110111000011010
0000100001011010000100111
10101010010011110100111011101111010010011001111001101000010011010110111000011010
0011101101011010000100111
10101010010011110100111011101111010010011001111101101000010011010110111000011010
0110111001011010000100111
10101010010011110100111011101111010010011001111101101000010011010110111000011000
1011100101011010001100111
10101010010011110100111011101111010010011001111101101000010011010110101000011000
0001110001011010011100111
10101010010011110100111011101111010010011001111101111000010011010110101000011000
1010110101011010011100111
10101010010011110100111011101111010010011001111101111000010011011110101000011000
0001110001011011011100111
10101010010010110100111011101111010010011001111101111000010011011110101000011000
0011110101011011011100111
10101010010010110100111011101111010010011001111101111000010011111110101000011000
1110101001011011011100111
10001010010010110100111011101111010010011001111101111000010011111110101000011000
1000101001011011011100111
10001010010010110100101011101111010010011001111101111000010011111110101000011000
1100101001011011011100111
10001010010010110100101011101111010010011001111101111000010011111111101000011000
0001100001111011011100111
10001010010010110100101111101111010010011001111101111000010011111111101000011000
0001100001111011111100111
10001010010010110100101111101111010010011101111101111000010011111111101000011000
1011100101111011111100111
10001010010010110100101111101111011010011101111101111000010011111111101000011000
1011100101111011111100110
10001010010010110100101111101111001010011101111101111000010011111111101000011000
1011100101111011110100110
10001010011010110100101111101111001010011101111101111000010011111111101000011000
1111101101111011110100110
10001010111010110100101111101111001010011101111101111000010011111111101000011000
1101101001111011110100110
10001010111010110100101111101111001010011101111101111000010011111111101000010000
0110000011111011110100110
10001010111010110100101111101111001010011101111101111000010011111111001000010000
0110000011101011110100110
10001010111010110100101111101111001010011101111101111000010011111111001000110000
0110000011100011110100110
10001010111010111100101111101111001010011101111101111000010011111111001000110000
0110000011100011110100110
10001010101010111100101111101111001010011101111101111000010011111111001000110000
0110000011100011110100110
00001010101010111100101111101111001010011101111101111000010011111111001000110000
0110000011100011110100110
00001010101010111100101111101011001010011101111101111000010011111111001000110000
0110000011100011100100110
00001010101010111100101111101011001010011101111101111000010011111111001000110001
0110000011100011100110110
00001010101010111100101110101011001010011101111101111000010011111111001000110001
0110000011000011100110110
00001010101010111100101110111011001010011101111101111000010011111111001000110001
0110000011000011100110100
00001010101010111100101110111011001010011101111101111000010011111111001100110001
0110000011000011100110000
00001010101010111100101110111011001010011100111101111000010011111111001100110001
0110000011000011100110000
00000010101010111100101110111011001010011100111101111000010011111111001100110001
0110000011000011100110000
00000010101010111100101110111011001010011100101101111000010011111111001100110001
0110000011000011100110000
00000010101000111100101110111011001010011100101101111000010011111111001100110001
0110000011000011100110000
00000010101000111100101110111011001011011100101101111000010011111111001100110001
0110000011000011100100000
00000010101000111100101110111011001011011100101101111000010011111111001100100001
0110000011000011100101000
00000010101000111100101110111011001011011100101100111000010011111111001100100001
0110000011000011100101000
00000010101000011100101110111011001011011100101100111000010011111111001100100001
0110000011000011100101000
00000010101000011100101110011011001011011100101100111000010011111111001100100001
0110000011000011100001000
00000010101000011100101110011011001011011110101100111000010011111111001100100001
0110000011000011100001000
00000010101000011100101110011011001011011110101100111000010001111111001100100001
0110000011000011000001000
00000010101000011100101110011011001011001110101100111000010001111111001100100001
0110000011000011000001000
00000010101000011100101110011011101011001110101100111000010001111111001100100001
0110000010000011000001000
00000010101000011100101110011011101011001110101100111000010001101111001100100001
0110000010000001000001000
00000010101000011100101110011011101001001110101100111000010001101111001100100001
0110000010000000000001000
00000010101000001100101110011011101001001110101100111000010001101111001100100001
0110000010000000000001000
00000010101000001100101110010011101001001110101100111000010001101111001100100001
0110000010000000000000000
00000010101000001100101110010011101001001110101110111000010001101111001100100001
0110000010000000000000000
c1908EncNetlist Original Output
